   3.5000000e-01	
   5.5000000e-01	
   3.5000000e-01	
   7.5000000e-01	
   6.5000000e-01	
   4.5000000e-01	
   3.5000000e-01	
   4.5000000e-01	
   2.5000000e-01	
   2.5000000e-01	
   7.5000000e-01	
   5.5000000e-01	
   7.5000000e-01	
   5.5000000e-01	
   6.5000000e-01	
   4.5000000e-01	
   7.5000000e-01	
   4.5000000e-01	
   7.5000000e-01	
   6.5000000e-01	
   3.5000000e-01	
   3.5000000e-01	
   4.5000000e-01	
   7.5000000e-01	
   2.5000000e-01	
   6.5000000e-01	
   4.5000000e-01	
   7.5000000e-01	
   2.5000000e-01	
   2.5000000e-01	
   5.5000000e-01	
   3.5000000e-01	
   5.5000000e-01	
   6.5000000e-01	
   6.5000000e-01	
   5.5000000e-01	
   3.5000000e-01	
   5.5000000e-01	
   7.5000000e-01	
   4.5000000e-01	
   4.5000000e-01	
   3.5000000e-01	
   5.5000000e-01	
   7.5000000e-01	
   2.5000000e-01	
   2.5000000e-01	
   7.5000000e-01	
   2.5000000e-01	
   6.5000000e-01	
   6.5000000e-01	
   3.5000000e-01	
   3.5000000e-01	
   7.5000000e-01	
   2.5000000e-01	
   4.5000000e-01	
   6.5000000e-01	
   7.5000000e-01	
   3.5000000e-01	
   4.5000000e-01	
   3.5000000e-01	
   5.5000000e-01	
   6.5000000e-01	
   4.5000000e-01	
   2.5000000e-01	
   4.5000000e-01	
   4.5000000e-01	
   4.5000000e-01	
   6.5000000e-01	
   3.5000000e-01	
   5.5000000e-01	
   7.5000000e-01	
   2.5000000e-01	
   3.5000000e-01	
   4.5000000e-01	
   7.5000000e-01	
   6.5000000e-01	
   3.5000000e-01	
   3.5000000e-01	
   5.5000000e-01	
   2.5000000e-01	
   5.5000000e-01	
   2.5000000e-01	
   3.5000000e-01	
   7.5000000e-01	
   5.5000000e-01	
   2.5000000e-01	
   3.5000000e-01	
   5.5000000e-01	
   6.5000000e-01	
   2.5000000e-01	
   4.5000000e-01	
   2.5000000e-01	
   2.5000000e-01	
   7.5000000e-01	
   2.5000000e-01	
   5.5000000e-01	
   5.5000000e-01	
   6.5000000e-01	
   4.5000000e-01	
   3.5000000e-01	
   4.5000000e-01	
   3.5000000e-01	
   3.5000000e-01	
   5.5000000e-01	
   2.5000000e-01	
   4.5000000e-01	
   2.5000000e-01	
   6.5000000e-01	
   3.5000000e-01	
   2.5000000e-01	
   4.5000000e-01	
   3.5000000e-01	
   7.5000000e-01	
   7.5000000e-01	
   3.5000000e-01	
   4.5000000e-01	
   4.5000000e-01	
   7.5000000e-01	
   3.5000000e-01	
   7.5000000e-01	
   6.5000000e-01	
   7.5000000e-01	
   5.5000000e-01	
   2.5000000e-01	
   6.5000000e-01	
   5.5000000e-01	
   6.5000000e-01	
   2.5000000e-01	
   2.5000000e-01	
   4.5000000e-01	
   4.5000000e-01	
   5.5000000e-01	
   2.5000000e-01	
   7.5000000e-01	
   5.5000000e-01	
   4.5000000e-01	
   5.5000000e-01	
   7.5000000e-01	
   7.5000000e-01	
   7.5000000e-01	
   6.5000000e-01	
   3.5000000e-01	
   6.5000000e-01	
   5.5000000e-01	
   7.5000000e-01	
   3.5000000e-01	
   3.5000000e-01	
   5.5000000e-01	
   7.5000000e-01	
   2.5000000e-01	
   5.5000000e-01	
   5.5000000e-01	
   7.5000000e-01	
   3.5000000e-01	
   6.5000000e-01	
   3.5000000e-01	
   7.5000000e-01	
   3.5000000e-01	
   6.5000000e-01	
   2.5000000e-01	
   3.5000000e-01	
   2.5000000e-01	
   4.5000000e-01	
   7.5000000e-01	
   5.5000000e-01	
   3.5000000e-01	
   3.5000000e-01	
   4.5000000e-01	
   5.5000000e-01	
   4.5000000e-01	
   6.5000000e-01	
   3.5000000e-01	
   3.5000000e-01	
   4.5000000e-01	
   2.5000000e-01	
   3.5000000e-01	
   5.5000000e-01	
   6.5000000e-01	
   4.5000000e-01	
   6.5000000e-01	
   2.5000000e-01	
   4.5000000e-01	
   7.5000000e-01	
   6.5000000e-01	
   7.5000000e-01	
   4.5000000e-01	
   7.5000000e-01	
   7.5000000e-01	
   4.5000000e-01	
